491	2	0	1
0	8.7267100295303202	82.536182200058789	0
1	9.6232852578128831	82.457742031585894	0
2	7.1579066600724781	64.604677634407352	0
3	-10.39531356216329	84.397837982120734	0
4	-10.22100207666797	82.405448585937251	0
5	-4.4181453736127736	84.920772438606733	0
6	-4.2438338881174573	82.928383042423206	0
7	-4.8415507069725292	82.876089596774648	0
8	-5.7381259352550789	82.797649428301739	0
9	-4.1693225657972306	64.866144862650302	0
10	-8.7267100295303131	82.536182200058761	0
11	-7.1579066600724666	64.604677634407338	0
12	-9.6232852578128849	82.45774203158588	0
13	-48.015283086106301	78.219109245293879	0
14	-46.585245467687812	75.576631175161978	0
15	46.585245467688132	75.576631175161808	0
16	48.015283086106614	78.21910924529368	0
17	32.894861514662729	76.222141966963648	0
18	25.27631669790501	59.884119883214517	0
19	33.710538522995734	75.841785531397051	0
20	26.103409811663131	59.52824536473733	0
21	37.245138892438653	74.193574310608327	0
22	36.429461884105692	74.573930746174938	0
23	27.934891802885218	54.227684995407067	0
24	28.822333172773071	58.260390579515217	0
25	23.795722569656999	79.533957700398133	0
26	22.926389325996851	79.766894840990389	0
27	19.129988328968121	62.121200459533497	0
28	18.267646514151458	62.380229967787173	0
29	19.159278603469499	80.776289116890226	0
30	14.493544362780611	63.363531876025583	0
31	20.02861184712966	80.543351976297956	0
32	15.36986903528426	63.156687103094718	0
33	4.8415507069725168	82.876089596774605	0
34	3.2703930162803871	64.917675016277855	0
35	5.7381259352550904	82.797649428301767	0
36	4.1693225657972421	64.866144862650302	0
37	8.0521275671207473	64.499327451089087	0
38	-3.2703930162803938	64.917675016277855	0
39	-8.0521275671207597	64.499327451089073	0
40	-19.159278603469431	80.776289116890254	0
41	-20.028611847129589	80.543351976297984	0
42	-14.493544362780581	63.363531876025583	0
43	-15.369869035284211	63.156687103094733	0
44	-23.795722569656949	79.533957700398133	0
45	-19.129988328968079	62.121200459533497	0
46	-22.92638932599678	79.766894840990417	0
47	-18.267646514151409	62.380229967787173	0
48	-32.894861514662708	76.222141966963676	0
49	-33.710538522995677	75.841785531397065	0
50	-25.276316697904988	59.884119883214517	0
51	-26.10340981166307	59.52824536473733	0
52	18.579723107696012	80.931580543951767	0
53	-19.097361197901019	82.863432196529899	0
54	-24.892916155635479	81.310517925914766	0
55	-24.375278065430429	79.37866627333662	0
56	-45.157403288576823	72.938209921542409	0
57	-36.362665776511967	77.697683851913112	0
58	37.788923564660656	73.94000335356391	0
59	38.634160088142032	75.752618927637144	0
60	10.221002076667929	82.405448585937251	0
61	10.395313562163251	84.397837982120748	0
62	-18.579723107695969	80.931580543951739	0
63	33.196313365922123	78.288328498081412	0
64	32.536280388156662	79.3760920984991	0
65	33.510378795770698	82.213543823600986	0
66	45.157403288576923	72.938209921542366	0
67	19.521436345342561	86.607885311246008	0
68	9.6578233113160525	88.253831214053221	0
69	9.1640395404731372	85.294747303845185	0
70	19.027652574500301	83.648801401037858	0
71	4.9999999999999512	88.639789457507149	0
72	-5.0000000000000391	88.639789457507149	0
73	4.4181453736127381	84.920772438606747	0
74	23.07810797115031	82.623086790545912	0
75	24.05220637876436	85.460538515647826	0
76	36.362665776512017	77.697683851913084	0
77	37.790507955623241	80.336105105532539	0
78	19.097361197901041	82.863432196529843	0
79	24.892916155635511	81.310517925914752	0
80	-33.196313365922087	78.288328498081427	0
81	-38.634160088142032	75.752618927637215	0
82	-28.822333172773021	58.260390579515239	0
83	-36.429461884105613	74.573930746174938	0
84	-37.24513889243859	74.193574310608327	0
85	24.375278065430479	79.37866627333662	0
86	-32.351076842440698	76.475712924008121	0
87	-37.790507955623127	80.336105105532582	0
88	4.2438338881174191	82.928383042423206	0
89	-37.788923564660642	73.940003353563895	0
90	32.351076842440698	76.475712924008079	0
91	-27.93489180288519	54.227684995407067	0
92	-5.0000000000000302	85.639789457507163	0
93	4.9999999999999698	85.639789457507163	0
94	-9.6578233113152621	88.253831214053321	0
95	-19.52143634534227	86.607885311246008	0
96	-19.02765257450028	83.648801401037815	0
97	-9.164039540473075	85.294747303845142	0
98	-24.052206378764279	85.460538515647869	0
99	-33.510378795770421	82.2135438236011	0
100	-32.53628038815657	79.376092098499115	0
101	-23.078107971150231	82.623086790545941	0
102	-29.626594075680902	57.855552226859167	0
103	29.626594075680885	57.855552226859182	0
104	244	0	0
105	-244	0	0
106	22.231309316168499	61.08002035108403	0
107	11.287131548350491	64.012503945793526	0
108	-3.5527136788005009e-015	65.000000000000014	0
109	-11.287131548350482	64.012503945793512	0
110	-22.231309316168467	61.080020351084038	0
111	23.146250792428312	56.438028617714963	0
112	18.184577706523633	58.226464203447946	0
113	13.08696402056591	59.579622126398334	0
114	7.8915174472824532	60.487386721358995	0
115	2.6370770587767822	60.942971904773991	0
116	-2.6370770587767516	60.942971904773991	0
117	-7.8915174472824212	60.487386721358988	0
118	-13.086964020565876	59.57962212639832	0
119	-18.184577706523598	58.226464203447925	0
120	-23.146250792428273	56.438028617714942	0
121	243.96283761815948	4.2583871706971772	0
122	243.85136179265939	8.515477195410238	0
123	243.66560648011605	12.769973323278297	0
124	243.40562826339715	17.020579593566577	0
125	243.07150633438596	21.2660012304286	0
126	242.66334246985875	25.504945037307454	0
127	242.18126100048264	29.736119790855994	0
128	241.62540877294322	33.958236634255975	0
129	240.99595510521365	38.170009469816335	0
130	240.29309173497882	42.370155350731011	0
131	239.51703276123007	46.557394871876944	0
132	238.66801457904864	50.73045255953329	0
133	237.74629580759748	54.888057259903071	0
134	236.75215721134325	59.028942526318943	0
135	235.68590161453278	63.151847005015085	0
136	234.54785380894992	67.255514819347823	0
137	233.33836045498077	71.338695952347777	0
138	232.0577899760176	75.400146627487189	0
139	230.70653244623344	79.438629687546253	0
140	229.28499947176178	83.452914971463201	0
141	227.79362406531737	87.441779689053305	0
142	226.23286051429628	91.404008793482575	0
143	224.6031842423956	95.338395351382843	0
144	222.90509166479478	99.243740910495305	0
145	221.13910003694275	103.11885586473072	0
146	219.30574729699691	106.96255981653495	0
147	217.40559190196194	110.77368193644948	0
148	215.43921265757837	114.55106131975741	0
149	213.40720854201277	118.2935473401063	0
150	211.31019852340324	122.00000000000007	0
151	209.14882137131562	125.66929027805331	0
152	206.92373546216817	129.30030047290211	0
153	204.6356185786837	132.89192454366673	0
154	202.2851677034304	136.44306844686236	0
155	199.87309880651424	139.9526504696554	0
156	197.4001466274874	143.4196015593636	0
157	194.8670644515397	146.84286564909996	0
158	192.27462388004042	150.22139997946078	0
159	189.62361459550115	153.55417541616052	0
160	186.91484412103088	156.84017676351579	0
161	184.14913757435662	160.07840307368397	0
162	181.32733741648445	163.26786795156161	0
163	178.45030319507788	166.40759985524986	0
164	175.51891128263114	169.49664239199558	0
165	172.53405460951785	172.53405460951785	0
166	169.49664239199561	175.51891128263114	0
167	166.40759985524991	178.45030319507788	0
168	163.2678679515617	181.32733741648448	0
169	160.07840307368406	184.14913757435667	0
170	156.8401767635159	186.91484412103097	0
171	153.55417541616063	189.62361459550124	0
172	150.2213999794609	192.27462388004051	0
173	146.84286564910005	194.86706445153982	0
174	143.41960155936368	197.40014662748754	0
175	139.95265046965548	199.87309880651438	0
176	136.44306844686247	202.28516770343057	0
177	132.89192454366685	204.63561857868388	0
178	129.30030047290222	206.92373546216837	0
179	125.66929027805344	209.14882137131585	0
180	122.00000000000021	211.31019852340347	0
181	118.29354734010646	213.40720854201302	0
182	114.55106131975757	215.43921265757865	0
183	110.77368193644962	217.40559190196223	0
184	106.96255981653508	219.30574729699723	0
185	103.11885586473085	221.13910003694309	0
186	99.243740910495433	222.90509166479512	0
187	95.338395351382971	224.60318424239597	0
188	91.404008793482703	226.23286051429668	0
189	87.441779689053433	227.7936240653178	0
190	83.452914971463329	229.28499947176221	0
191	79.438629687546381	230.70653244623387	0
192	75.400146627487317	232.05778997601806	0
193	71.338695952347905	233.33836045498123	0
194	67.255514819347937	234.54785380895038	0
195	63.151847005015185	235.68590161453324	0
196	59.028942526319035	236.75215721134373	0
197	54.888057259903164	237.74629580759799	0
198	50.730452559533376	238.66801457904918	0
199	46.557394871877023	239.51703276123061	0
200	42.370155350731082	240.29309173497936	0
201	38.170009469816407	240.99595510521419	0
202	33.958236634256032	241.62540877294376	0
203	29.736119790856037	242.18126100048318	0
204	25.504945037307486	242.66334246985932	0
205	21.266001230428621	243.07150633438656	0
206	17.020579593566588	243.40562826339777	0
207	12.7699733232783	243.66560648011671	0
208	8.5154771954102308	243.85136179266007	0
209	4.2583871706971586	243.96283761816019	0
210	-3.1086244689504383e-014	244.00000000000074	0
211	-4.2583871706972207	243.96283761816022	0
212	-8.5154771954102948	243.85136179266013	0
213	-12.769973323278364	243.66560648011679	0
214	-17.020579593566655	243.40562826339789	0
215	-21.266001230428692	243.0715063343867	0
216	-25.504945037307557	242.66334246985949	0
217	-29.736119790856108	242.18126100048337	0
218	-33.958236634256103	241.62540877294396	0
219	-38.170009469816478	240.99595510521439	0
220	-42.370155350731167	240.29309173497955	0
221	-46.557394871877115	239.51703276123081	0
222	-50.730452559533475	238.66801457904938	0
223	-54.88805725990327	237.74629580759822	0
224	-59.028942526319156	236.75215721134398	0
225	-63.151847005015313	235.68590161453352	0
226	-67.255514819348065	234.54785380895066	0
227	-71.338695952348033	233.33836045498151	0
228	-75.400146627487459	232.05778997601834	0
229	-79.438629687546538	230.70653244623415	0
230	-83.4529149714635	229.28499947176249	0
231	-87.441779689053618	227.79362406531808	0
232	-91.404008793482902	226.23286051429696	0
233	-95.338395351383184	224.60318424239628	0
234	-99.24374091049566	222.90509166479546	0
235	-103.11885586473109	221.13910003694343	0
236	-106.96255981653533	219.30574729699759	0
237	-110.77368193644988	217.40559190196259	0
238	-114.55106131975782	215.43921265757899	0
239	-118.29354734010671	213.40720854201339	0
240	-122.0000000000005	211.31019852340384	0
241	-125.66929027805375	209.14882137131622	0
242	-129.30030047290256	206.92373546216874	0
243	-132.89192454366719	204.63561857868427	0
244	-136.44306844686281	202.28516770343097	0
245	-139.95265046965585	199.8730988065148	0
246	-143.41960155936408	197.40014662748797	0
247	-146.84286564910045	194.86706445154024	0
248	-150.2213999794613	192.27462388004093	0
249	-153.55417541616103	189.62361459550166	0
250	-156.8401767635163	186.91484412103139	0
251	-160.07840307368448	184.14913757435713	0
252	-163.26786795156215	181.32733741648497	0
253	-166.4075998552504	178.45030319507836	0
254	-169.49664239199612	175.51891128263162	0
255	-172.53405460951839	172.53405460951834	0
256	-175.51891128263171	169.49664239199606	0
257	-178.45030319507845	166.40759985525037	0
258	-181.32733741648505	163.26786795156215	0
259	-184.14913757435727	160.07840307368451	0
260	-186.91484412103156	156.84017676351633	0
261	-189.62361459550183	153.55417541616106	0
262	-192.2746238800411	150.22139997946132	0
263	-194.86706445154041	146.84286564910047	0
264	-197.40014662748817	143.41960155936411	0
265	-199.87309880651503	139.95265046965591	0
266	-202.28516770343123	136.44306844686287	0
267	-204.63561857868453	132.89192454366724	0
268	-206.92373546216902	129.30030047290262	0
269	-209.1488213713165	125.66929027805384	0
270	-211.31019852340415	122.0000000000006	0
271	-213.40720854201371	118.29354734010683	0
272	-215.43921265757933	114.55106131975792	0
273	-217.40559190196294	110.77368193644996	0
274	-219.30574729699794	106.96255981653542	0
275	-221.1391000369438	103.11885586473117	0
276	-222.90509166479583	99.243740910495745	0
277	-224.60318424239668	95.338395351383269	0
278	-226.23286051429739	91.404008793483001	0
279	-227.79362406531851	87.441779689053718	0
280	-229.28499947176294	83.452914971463599	0
281	-230.7065324462346	79.438629687546637	0
282	-232.0577899760188	75.400146627487558	0
283	-233.33836045498199	71.338695952348132	0
284	-234.54785380895115	67.25551481934815	0
285	-235.685901614534	63.151847005015384	0
286	-236.7521572113445	59.02894252631922	0
287	-237.74629580759876	54.888057259903334	0
288	-238.66801457904995	50.730452559533532	0
289	-239.51703276123138	46.557394871877165	0
290	-240.29309173498012	42.37015535073121	0
291	-240.99595510521496	38.17000946981652	0
292	-241.62540877294452	33.958236634256131	0
293	-242.18126100048394	29.736119790856122	0
294	-242.66334246986008	25.504945037307561	0
295	-243.07150633438732	21.266001230428685	0
296	-243.40562826339854	17.020579593566641	0
297	-243.66560648011745	12.769973323278339	0
298	-243.85136179266081	8.5154771954102575	0
299	-243.96283761816093	4.2583871706971719	0
300	-243.96283761815948	-4.2583871706971772	0
301	-243.85136179265939	-8.515477195410238	0
302	-243.66560648011605	-12.769973323278297	0
303	-243.40562826339715	-17.020579593566577	0
304	-243.07150633438596	-21.2660012304286	0
305	-242.66334246985875	-25.504945037307454	0
306	-242.18126100048264	-29.736119790855994	0
307	-241.62540877294322	-33.958236634255975	0
308	-240.99595510521365	-38.170009469816335	0
309	-240.29309173497882	-42.370155350731011	0
310	-239.51703276123007	-46.557394871876944	0
311	-238.66801457904864	-50.73045255953329	0
312	-237.74629580759748	-54.888057259903071	0
313	-236.75215721134325	-59.028942526318943	0
314	-235.68590161453278	-63.151847005015085	0
315	-234.54785380894992	-67.255514819347823	0
316	-233.33836045498077	-71.338695952347777	0
317	-232.0577899760176	-75.400146627487189	0
318	-230.70653244623344	-79.438629687546253	0
319	-229.28499947176178	-83.452914971463201	0
320	-227.79362406531737	-87.441779689053305	0
321	-226.23286051429628	-91.404008793482575	0
322	-224.6031842423956	-95.338395351382843	0
323	-222.90509166479478	-99.243740910495305	0
324	-221.13910003694275	-103.11885586473072	0
325	-219.30574729699691	-106.96255981653495	0
326	-217.40559190196194	-110.77368193644948	0
327	-215.43921265757837	-114.55106131975741	0
328	-213.40720854201277	-118.2935473401063	0
329	-211.31019852340324	-122.00000000000007	0
330	-209.14882137131562	-125.66929027805331	0
331	-206.92373546216817	-129.30030047290211	0
332	-204.6356185786837	-132.89192454366673	0
333	-202.2851677034304	-136.44306844686236	0
334	-199.87309880651424	-139.9526504696554	0
335	-197.4001466274874	-143.4196015593636	0
336	-194.8670644515397	-146.84286564909996	0
337	-192.27462388004042	-150.22139997946078	0
338	-189.62361459550115	-153.55417541616052	0
339	-186.91484412103088	-156.84017676351579	0
340	-184.14913757435662	-160.07840307368397	0
341	-181.32733741648445	-163.26786795156161	0
342	-178.45030319507788	-166.40759985524986	0
343	-175.51891128263114	-169.49664239199558	0
344	-172.53405460951785	-172.53405460951785	0
345	-169.49664239199561	-175.51891128263114	0
346	-166.40759985524991	-178.45030319507788	0
347	-163.2678679515617	-181.32733741648448	0
348	-160.07840307368406	-184.14913757435667	0
349	-156.8401767635159	-186.91484412103097	0
350	-153.55417541616063	-189.62361459550124	0
351	-150.2213999794609	-192.27462388004051	0
352	-146.84286564910005	-194.86706445153982	0
353	-143.41960155936368	-197.40014662748754	0
354	-139.95265046965548	-199.87309880651438	0
355	-136.44306844686247	-202.28516770343057	0
356	-132.89192454366685	-204.63561857868388	0
357	-129.30030047290222	-206.92373546216837	0
358	-125.66929027805344	-209.14882137131585	0
359	-122.00000000000021	-211.31019852340347	0
360	-118.29354734010646	-213.40720854201302	0
361	-114.55106131975757	-215.43921265757865	0
362	-110.77368193644962	-217.40559190196223	0
363	-106.96255981653508	-219.30574729699723	0
364	-103.11885586473085	-221.13910003694309	0
365	-99.243740910495433	-222.90509166479512	0
366	-95.338395351382971	-224.60318424239597	0
367	-91.404008793482703	-226.23286051429668	0
368	-87.441779689053433	-227.7936240653178	0
369	-83.452914971463329	-229.28499947176221	0
370	-79.438629687546381	-230.70653244623387	0
371	-75.400146627487317	-232.05778997601806	0
372	-71.338695952347905	-233.33836045498123	0
373	-67.255514819347937	-234.54785380895038	0
374	-63.151847005015185	-235.68590161453324	0
375	-59.028942526319035	-236.75215721134373	0
376	-54.888057259903164	-237.74629580759799	0
377	-50.730452559533376	-238.66801457904918	0
378	-46.557394871877023	-239.51703276123061	0
379	-42.370155350731082	-240.29309173497936	0
380	-38.170009469816407	-240.99595510521419	0
381	-33.958236634256032	-241.62540877294376	0
382	-29.736119790856037	-242.18126100048318	0
383	-25.504945037307486	-242.66334246985932	0
384	-21.266001230428621	-243.07150633438656	0
385	-17.020579593566588	-243.40562826339777	0
386	-12.7699733232783	-243.66560648011671	0
387	-8.5154771954102308	-243.85136179266007	0
388	-4.2583871706971586	-243.96283761816019	0
389	3.1086244689504383e-014	-244.00000000000074	0
390	4.2583871706972207	-243.96283761816022	0
391	8.5154771954102948	-243.85136179266013	0
392	12.769973323278364	-243.66560648011679	0
393	17.020579593566655	-243.40562826339789	0
394	21.266001230428692	-243.0715063343867	0
395	25.504945037307557	-242.66334246985949	0
396	29.736119790856108	-242.18126100048337	0
397	33.958236634256103	-241.62540877294396	0
398	38.170009469816478	-240.99595510521439	0
399	42.370155350731167	-240.29309173497955	0
400	46.557394871877115	-239.51703276123081	0
401	50.730452559533475	-238.66801457904938	0
402	54.88805725990327	-237.74629580759822	0
403	59.028942526319156	-236.75215721134398	0
404	63.151847005015313	-235.68590161453352	0
405	67.255514819348065	-234.54785380895066	0
406	71.338695952348033	-233.33836045498151	0
407	75.400146627487459	-232.05778997601834	0
408	79.438629687546538	-230.70653244623415	0
409	83.4529149714635	-229.28499947176249	0
410	87.441779689053618	-227.79362406531808	0
411	91.404008793482902	-226.23286051429696	0
412	95.338395351383184	-224.60318424239628	0
413	99.24374091049566	-222.90509166479546	0
414	103.11885586473109	-221.13910003694343	0
415	106.96255981653533	-219.30574729699759	0
416	110.77368193644988	-217.40559190196259	0
417	114.55106131975782	-215.43921265757899	0
418	118.29354734010671	-213.40720854201339	0
419	122.0000000000005	-211.31019852340384	0
420	125.66929027805375	-209.14882137131622	0
421	129.30030047290256	-206.92373546216874	0
422	132.89192454366719	-204.63561857868427	0
423	136.44306844686281	-202.28516770343097	0
424	139.95265046965585	-199.8730988065148	0
425	143.41960155936408	-197.40014662748797	0
426	146.84286564910045	-194.86706445154024	0
427	150.2213999794613	-192.27462388004093	0
428	153.55417541616103	-189.62361459550166	0
429	156.8401767635163	-186.91484412103139	0
430	160.07840307368448	-184.14913757435713	0
431	163.26786795156215	-181.32733741648497	0
432	166.4075998552504	-178.45030319507836	0
433	169.49664239199612	-175.51891128263162	0
434	172.53405460951839	-172.53405460951834	0
435	175.51891128263171	-169.49664239199606	0
436	178.45030319507845	-166.40759985525037	0
437	181.32733741648505	-163.26786795156215	0
438	184.14913757435727	-160.07840307368451	0
439	186.91484412103156	-156.84017676351633	0
440	189.62361459550183	-153.55417541616106	0
441	192.2746238800411	-150.22139997946132	0
442	194.86706445154041	-146.84286564910047	0
443	197.40014662748817	-143.41960155936411	0
444	199.87309880651503	-139.95265046965591	0
445	202.28516770343123	-136.44306844686287	0
446	204.63561857868453	-132.89192454366724	0
447	206.92373546216902	-129.30030047290262	0
448	209.1488213713165	-125.66929027805384	0
449	211.31019852340415	-122.0000000000006	0
450	213.40720854201371	-118.29354734010683	0
451	215.43921265757933	-114.55106131975792	0
452	217.40559190196294	-110.77368193644996	0
453	219.30574729699794	-106.96255981653542	0
454	221.1391000369438	-103.11885586473117	0
455	222.90509166479583	-99.243740910495745	0
456	224.60318424239668	-95.338395351383269	0
457	226.23286051429739	-91.404008793483001	0
458	227.79362406531851	-87.441779689053718	0
459	229.28499947176294	-83.452914971463599	0
460	230.7065324462346	-79.438629687546637	0
461	232.0577899760188	-75.400146627487558	0
462	233.33836045498199	-71.338695952348132	0
463	234.54785380895115	-67.25551481934815	0
464	235.685901614534	-63.151847005015384	0
465	236.7521572113445	-59.02894252631922	0
466	237.74629580759876	-54.888057259903334	0
467	238.66801457904995	-50.730452559533532	0
468	239.51703276123138	-46.557394871877165	0
469	240.29309173498012	-42.37015535073121	0
470	240.99595510521496	-38.17000946981652	0
471	241.62540877294452	-33.958236634256131	0
472	242.18126100048394	-29.736119790856122	0
473	242.66334246986008	-25.504945037307561	0
474	243.07150633438732	-21.266001230428685	0
475	243.40562826339854	-17.020579593566641	0
476	243.66560648011745	-12.769973323278339	0
477	243.85136179266081	-8.5154771954102575	0
478	243.96283761816093	-4.2583871706971719	0
479	41.225968570129744	82.000707170248347	0
480	34.141076726749347	85.19438561844531	0
481	26.81140401918125	87.77724691220601	0
482	19.289501913037721	89.73077274220401	0
483	11.629300098721131	91.040956937963003	0
484	3.8857198323760302	91.69840588772756	0
485	-3.8857198323756559	91.698405887727574	0
486	-11.62930009872076	91.040956937963045	0
487	-19.289501913037352	89.730772742204081	0
488	-26.811404019180884	87.777246912206095	0
489	-34.141076726748985	85.194385618445409	0
490	-41.225968570129389	82.000707170248475	0
510	1
0	0	1	0
1	2	0	0
2	3	4	0
3	5	3	0
4	6	5	0
5	7	6	0
6	8	7	0
7	9	8	0
8	10	11	0
9	12	10	0
10	13	14	0
11	15	16	0
12	17	18	0
13	19	17	0
14	20	19	0
15	21	22	0
16	23	103	0
17	22	24	0
18	25	26	0
19	27	25	0
20	26	28	0
21	29	30	0
22	31	29	0
23	32	31	0
24	33	34	0
25	35	33	0
26	36	35	0
27	37	1	0
28	38	7	0
29	12	39	0
30	40	41	0
31	42	40	0
32	41	43	0
33	44	45	0
34	46	44	0
35	47	46	0
36	48	49	0
37	50	48	0
38	49	51	0
39	52	29	0
40	53	54	0
41	54	55	0
42	14	56	0
43	56	57	0
44	21	58	0
45	58	59	0
46	60	61	0
47	62	53	0
48	59	63	0
49	64	65	0
50	66	15	0
51	67	68	0
52	68	69	0
53	69	70	0
54	1	60	0
55	71	72	0
56	70	67	0
57	61	73	0
58	74	64	0
59	75	74	0
60	65	75	0
61	76	66	0
62	4	12	0
63	77	76	0
64	15	77	0
65	55	44	0
66	40	62	0
67	78	52	0
68	79	78	0
69	80	81	0
70	82	83	0
71	84	83	0
72	25	85	0
73	85	79	0
74	48	86	0
75	57	87	0
76	73	88	0
77	81	89	0
78	63	90	0
79	86	80	0
80	88	33	0
81	89	84	0
82	84	102	0
83	90	17	0
84	72	92	0
85	92	93	0
86	93	71	0
87	94	95	0
88	95	96	0
89	96	97	0
90	97	94	0
91	98	99	0
92	99	100	0
93	100	101	0
94	101	98	0
95	87	14	0
96	102	91	0
97	103	21	0
98	68	71	0
99	72	94	0
100	95	98	0
101	99	87	0
102	20	18	0
103	18	106	0
104	106	27	0
105	27	28	0
106	32	30	0
107	30	107	0
108	107	37	0
109	37	2	0
110	36	34	0
111	34	108	0
112	108	38	0
113	38	9	0
114	11	39	0
115	39	109	0
116	109	42	0
117	42	43	0
118	47	45	0
119	45	110	0
120	110	50	0
121	50	51	0
122	82	102	0
123	77	65	0
124	103	24	0
125	23	111	0
126	111	112	0
127	112	113	0
128	113	114	0
129	114	115	0
130	115	116	0
131	116	117	0
132	117	118	0
133	118	119	0
134	119	120	0
135	120	91	0
136	75	67	0
137	104	121	-2
138	121	122	-2
139	122	123	-2
140	123	124	-2
141	124	125	-2
142	125	126	-2
143	126	127	-2
144	127	128	-2
145	128	129	-2
146	129	130	-2
147	130	131	-2
148	131	132	-2
149	132	133	-2
150	133	134	-2
151	134	135	-2
152	135	136	-2
153	136	137	-2
154	137	138	-2
155	138	139	-2
156	139	140	-2
157	140	141	-2
158	141	142	-2
159	142	143	-2
160	143	144	-2
161	144	145	-2
162	145	146	-2
163	146	147	-2
164	147	148	-2
165	148	149	-2
166	149	150	-2
167	150	151	-2
168	151	152	-2
169	152	153	-2
170	153	154	-2
171	154	155	-2
172	155	156	-2
173	156	157	-2
174	157	158	-2
175	158	159	-2
176	159	160	-2
177	160	161	-2
178	161	162	-2
179	162	163	-2
180	163	164	-2
181	164	165	-2
182	165	166	-2
183	166	167	-2
184	167	168	-2
185	168	169	-2
186	169	170	-2
187	170	171	-2
188	171	172	-2
189	172	173	-2
190	173	174	-2
191	174	175	-2
192	175	176	-2
193	176	177	-2
194	177	178	-2
195	178	179	-2
196	179	180	-2
197	180	181	-2
198	181	182	-2
199	182	183	-2
200	183	184	-2
201	184	185	-2
202	185	186	-2
203	186	187	-2
204	187	188	-2
205	188	189	-2
206	189	190	-2
207	190	191	-2
208	191	192	-2
209	192	193	-2
210	193	194	-2
211	194	195	-2
212	195	196	-2
213	196	197	-2
214	197	198	-2
215	198	199	-2
216	199	200	-2
217	200	201	-2
218	201	202	-2
219	202	203	-2
220	203	204	-2
221	204	205	-2
222	205	206	-2
223	206	207	-2
224	207	208	-2
225	208	209	-2
226	209	210	-2
227	210	211	-2
228	211	212	-2
229	212	213	-2
230	213	214	-2
231	214	215	-2
232	215	216	-2
233	216	217	-2
234	217	218	-2
235	218	219	-2
236	219	220	-2
237	220	221	-2
238	221	222	-2
239	222	223	-2
240	223	224	-2
241	224	225	-2
242	225	226	-2
243	226	227	-2
244	227	228	-2
245	228	229	-2
246	229	230	-2
247	230	231	-2
248	231	232	-2
249	232	233	-2
250	233	234	-2
251	234	235	-2
252	235	236	-2
253	236	237	-2
254	237	238	-2
255	238	239	-2
256	239	240	-2
257	240	241	-2
258	241	242	-2
259	242	243	-2
260	243	244	-2
261	244	245	-2
262	245	246	-2
263	246	247	-2
264	247	248	-2
265	248	249	-2
266	249	250	-2
267	250	251	-2
268	251	252	-2
269	252	253	-2
270	253	254	-2
271	254	255	-2
272	255	256	-2
273	256	257	-2
274	257	258	-2
275	258	259	-2
276	259	260	-2
277	260	261	-2
278	261	262	-2
279	262	263	-2
280	263	264	-2
281	264	265	-2
282	265	266	-2
283	266	267	-2
284	267	268	-2
285	268	269	-2
286	269	270	-2
287	270	271	-2
288	271	272	-2
289	272	273	-2
290	273	274	-2
291	274	275	-2
292	275	276	-2
293	276	277	-2
294	277	278	-2
295	278	279	-2
296	279	280	-2
297	280	281	-2
298	281	282	-2
299	282	283	-2
300	283	284	-2
301	284	285	-2
302	285	286	-2
303	286	287	-2
304	287	288	-2
305	288	289	-2
306	289	290	-2
307	290	291	-2
308	291	292	-2
309	292	293	-2
310	293	294	-2
311	294	295	-2
312	295	296	-2
313	296	297	-2
314	297	298	-2
315	298	299	-2
316	299	105	-2
317	105	300	-2
318	300	301	-2
319	301	302	-2
320	302	303	-2
321	303	304	-2
322	304	305	-2
323	305	306	-2
324	306	307	-2
325	307	308	-2
326	308	309	-2
327	309	310	-2
328	310	311	-2
329	311	312	-2
330	312	313	-2
331	313	314	-2
332	314	315	-2
333	315	316	-2
334	316	317	-2
335	317	318	-2
336	318	319	-2
337	319	320	-2
338	320	321	-2
339	321	322	-2
340	322	323	-2
341	323	324	-2
342	324	325	-2
343	325	326	-2
344	326	327	-2
345	327	328	-2
346	328	329	-2
347	329	330	-2
348	330	331	-2
349	331	332	-2
350	332	333	-2
351	333	334	-2
352	334	335	-2
353	335	336	-2
354	336	337	-2
355	337	338	-2
356	338	339	-2
357	339	340	-2
358	340	341	-2
359	341	342	-2
360	342	343	-2
361	343	344	-2
362	344	345	-2
363	345	346	-2
364	346	347	-2
365	347	348	-2
366	348	349	-2
367	349	350	-2
368	350	351	-2
369	351	352	-2
370	352	353	-2
371	353	354	-2
372	354	355	-2
373	355	356	-2
374	356	357	-2
375	357	358	-2
376	358	359	-2
377	359	360	-2
378	360	361	-2
379	361	362	-2
380	362	363	-2
381	363	364	-2
382	364	365	-2
383	365	366	-2
384	366	367	-2
385	367	368	-2
386	368	369	-2
387	369	370	-2
388	370	371	-2
389	371	372	-2
390	372	373	-2
391	373	374	-2
392	374	375	-2
393	375	376	-2
394	376	377	-2
395	377	378	-2
396	378	379	-2
397	379	380	-2
398	380	381	-2
399	381	382	-2
400	382	383	-2
401	383	384	-2
402	384	385	-2
403	385	386	-2
404	386	387	-2
405	387	388	-2
406	388	389	-2
407	389	390	-2
408	390	391	-2
409	391	392	-2
410	392	393	-2
411	393	394	-2
412	394	395	-2
413	395	396	-2
414	396	397	-2
415	397	398	-2
416	398	399	-2
417	399	400	-2
418	400	401	-2
419	401	402	-2
420	402	403	-2
421	403	404	-2
422	404	405	-2
423	405	406	-2
424	406	407	-2
425	407	408	-2
426	408	409	-2
427	409	410	-2
428	410	411	-2
429	411	412	-2
430	412	413	-2
431	413	414	-2
432	414	415	-2
433	415	416	-2
434	416	417	-2
435	417	418	-2
436	418	419	-2
437	419	420	-2
438	420	421	-2
439	421	422	-2
440	422	423	-2
441	423	424	-2
442	424	425	-2
443	425	426	-2
444	426	427	-2
445	427	428	-2
446	428	429	-2
447	429	430	-2
448	430	431	-2
449	431	432	-2
450	432	433	-2
451	433	434	-2
452	434	435	-2
453	435	436	-2
454	436	437	-2
455	437	438	-2
456	438	439	-2
457	439	440	-2
458	440	441	-2
459	441	442	-2
460	442	443	-2
461	443	444	-2
462	444	445	-2
463	445	446	-2
464	446	447	-2
465	447	448	-2
466	448	449	-2
467	449	450	-2
468	450	451	-2
469	451	452	-2
470	452	453	-2
471	453	454	-2
472	454	455	-2
473	455	456	-2
474	456	457	-2
475	457	458	-2
476	458	459	-2
477	459	460	-2
478	460	461	-2
479	461	462	-2
480	462	463	-2
481	463	464	-2
482	464	465	-2
483	465	466	-2
484	466	467	-2
485	467	468	-2
486	468	469	-2
487	469	470	-2
488	470	471	-2
489	471	472	-2
490	472	473	-2
491	473	474	-2
492	474	475	-2
493	475	476	-2
494	476	477	-2
495	477	478	-2
496	478	104	-2
497	16	479	0
498	479	480	0
499	480	481	0
500	481	482	0
501	482	483	0
502	483	484	0
503	484	485	0
504	485	486	0
505	486	487	0
506	487	488	0
507	488	489	0
508	489	490	0
509	490	13	0
1
0	-56.100000000000001	276.39999999999998
53
0	0	243	1	690.13621843807141
1	0	63	2	690.13621843807141
2	0	90.25	3	690.13621843807141
3	0	87.25	4	690.13621843807141
4	-14.360878001994028	86.060023721887532	5	690.13621843807141
5	-28.33002868810863	82.522554338380374	6	690.13621843807141
6	-41.52641004248467	76.734084792766168	7	690.13621843807141
7	-53.590059182173519	68.852509444835334	8	690.13621843807141
8	-64.191911206230728	59.092817124345899	9	690.13621843807141
9	-73.042775228405617	47.721226796181739	10	690.13621843807141
10	-79.901222750653744	35.047925800971619	11	690.13621843807141
11	-84.580173203206584	21.418608753034718	12	690.13621843807141
12	-86.951997014831946	7.2050478924610255	13	690.13621843807141
13	-86.951997014831946	-7.2050478924610051	14	690.13621843807141
14	-84.580173203206584	-21.4186087530347	15	690.13621843807141
15	-79.901222750653773	-35.047925800971562	16	690.13621843807141
16	-73.042775228405631	-47.721226796181718	17	690.13621843807141
17	-64.191911206230756	-59.092817124345892	18	690.13621843807141
18	-53.590059182173533	-68.852509444835334	19	690.13621843807141
19	-41.526410042484649	-76.734084792766183	20	690.13621843807141
20	-28.330028688108651	-82.522554338380374	21	690.13621843807141
21	-14.360878001994088	-86.060023721887518	22	690.13621843807141
22	-1.6027564983840985e-014	-87.25	23	690.13621843807141
23	14.360878001994056	-86.060023721887518	24	690.13621843807141
24	28.330028688108623	-82.522554338380388	25	690.13621843807141
25	41.526410042484621	-76.734084792766197	26	690.13621843807141
26	53.590059182173505	-68.852509444835349	27	690.13621843807141
27	64.191911206230699	-59.092817124345942	28	690.13621843807141
28	73.042775228405617	-47.721226796181746	29	690.13621843807141
29	79.901222750653744	-35.047925800971626	30	690.13621843807141
30	84.58017320320657	-21.418608753034732	31	690.13621843807141
31	86.951997014831946	-7.2050478924610362	32	690.13621843807141
32	86.951997014831946	7.2050478924609944	33	690.13621843807141
33	84.580173203206584	21.418608753034686	34	690.13621843807141
34	79.901222750653758	35.047925800971591	35	690.13621843807141
35	73.042775228405631	47.72122679618171	36	690.13621843807141
36	64.191911206230785	59.092817124345849	37	690.13621843807141
37	53.590059182173547	68.85250944483532	38	690.13621843807141
38	41.526410042484727	76.73408479276614	39	690.13621843807141
39	28.330028688108662	82.52255433838036	40	690.13621843807141
40	14.360878001994097	86.060023721887518	41	690.13621843807141
41	-33.041051553533229	66.242670630317733	42	690.13621843807141
42	-21.036164698850214	70.973814007441135	43	690.13621843807141
43	-8.3921046246056026	73.548453960431232	44	690.13621843807141
44	4.5069453020477912	73.888361357147105	45	690.13621843807141
45	17.269053976322862	71.983208283340971	46	690.13621843807141
46	29.506451184090281	67.890881851106471	47	690.13621843807141
47	-29.506451184090292	67.890881851106471	48	690.13621843807141
48	-17.269053976322855	71.983208283340986	49	690.13621843807141
49	-4.5069453020477992	73.888361357147105	50	690.13621843807141
50	8.3921046246056132	73.548453960431246	51	690.13621843807141
51	21.036164698850211	70.973814007441149	52	690.13621843807141
52	33.041051553533237	66.242670630317747	53	690.13621843807141
